0 0.26476793248945146 0.565625 0.47468354430379744 0.6104166666666667
0 0.3037974683544304 0.19166666666666668 0.22784810126582278 0.25833333333333336
0 0.5369198312236287 0.7 0.34810126582278483 0.5083333333333333
0 0.44936708860759494 0.36041666666666666 0.13924050632911392 0.15833333333333333
0 0.6508438818565401 0.5447916666666667 0.25949367088607594 0.41875
0 0.5970464135021097 0.12083333333333333 0.11814345991561181 0.1625
0 0.5886075949367089 0.28020833333333334 0.1308016877637131 0.14375
0 0.7151898734177216 0.225 0.14767932489451477 0.19583333333333333
0 0.8428270042194093 0.33125 0.229957805907173 0.25833333333333336
0 0.54957805907173 0.22604166666666667 0.12447257383966245 0.08125
