0 0.24367088607594936 0.8014084507042254 0.23839662447257384 0.3971830985915493
0 0.5052742616033755 0.8154929577464789 0.229957805907173 0.36901408450704226
0 0.7426160337552743 0.8408450704225352 0.21940928270042195 0.3183098591549296
0 0.08227848101265822 0.5408450704225352 0.16033755274261605 0.38309859154929576
0 0.06751054852320675 0.8084507042253521 0.1308016877637131 0.22535211267605634
0 0.23312236286919832 0.5464788732394367 0.25949367088607594 0.4169014084507042
0 0.5738396624472574 0.5549295774647888 0.2616033755274262 0.4056338028169014
0 0.8090717299578059 0.7253521126760564 0.2088607594936709 0.5492957746478874
0 0.33860759493670883 0.31690140845070425 0.20042194092827004 0.35774647887323946
0 0.1149789029535865 0.24084507042253522 0.20042194092827004 0.3126760563380282
0 0.12341772151898735 0.09014084507042254 0.17932489451476794 0.17464788732394365
0 0.29957805907172996 0.1056338028169014 0.15611814345991562 0.2056338028169014
0 0.49156118143459915 0.18450704225352113 0.24472573839662448 0.36338028169014086
0 0.7774261603375527 0.11408450704225352 0.1962025316455696 0.22253521126760564
0 0.7078059071729957 0.3704225352112676 0.1877637130801688 0.37464788732394366
0 0.8955696202531646 0.44084507042253523 0.20464135021097046 0.4028169014084507
0 0.8924050632911392 0.16056338028169015 0.21518987341772153 0.27605633802816903
