0 0.08016877637130802 0.34440559440559443 0.12658227848101267 0.2202797202797203
0 0.16877637130801687 0.5437062937062938 0.13924050632911392 0.16433566433566432
0 0.2689873417721519 0.3548951048951049 0.1751054852320675 0.1993006993006993
0 0.270042194092827 0.2202797202797203 0.11814345991561181 0.15384615384615385
0 0.41455696202531644 0.3968531468531469 0.10759493670886076 0.10839160839160839
0 0.4609704641350211 0.5297202797202797 0.1540084388185654 0.19230769230769232
0 0.4978902953586498 0.798951048951049 0.10548523206751055 0.22727272727272727
0 0.609704641350211 0.6748251748251748 0.12658227848101267 0.24475524475524477
0 0.47362869198312235 0.36713286713286714 0.07383966244725738 0.16083916083916083
0 0.6867088607594937 0.32517482517482516 0.12447257383966245 0.24475524475524477
0 0.8386075949367089 0.3409090909090909 0.14135021097046413 0.22727272727272727
0 0.7542194092827004 0.5437062937062938 0.13291139240506328 0.17132867132867133
0 0.8987341772151899 0.6206293706293706 0.12658227848101267 0.3111888111888112
0 0.9124472573839663 0.8531468531468531 0.15822784810126583 0.23076923076923078
