0 0.12025316455696203 0.7325949367088608 0.23628691983122363 0.3322784810126582
0 0.6466244725738397 0.8512658227848101 0.2088607594936709 0.2974683544303797
0 0.189873417721519 0.5300632911392406 0.3755274261603376 0.18670886075949367
0 0.6603375527426161 0.5965189873417721 0.4219409282700422 0.22468354430379747
0 0.13924050632911392 0.21677215189873417 0.2742616033755274 0.3449367088607595
0 0.32489451476793246 0.1962025316455696 0.20253164556962025 0.3860759493670886
0 0.3881856540084388 0.04430379746835443 0.08438818565400844 0.08227848101265822
0 0.48628691983122363 0.11075949367088607 0.18354430379746836 0.21518987341772153
0 0.5421940928270043 0.19936708860759494 0.14345991561181434 0.3924050632911392
0 0.6392405063291139 0.16455696202531644 0.10548523206751055 0.3227848101265823
0 0.7542194092827004 0.2088607594936709 0.310126582278481 0.41139240506329117
0 0.7584388185654009 0.15981012658227847 0.20042194092827004 0.23734177215189872
0 0.9272151898734177 0.25158227848101267 0.14556962025316456 0.2563291139240506
0 0.919831223628692 0.5268987341772152 0.16033755274261605 0.3259493670886076
