0 0.16666666666666666 0.79957805907173 0.20253164556962025 0.3881856540084388
0 0.3618143459915612 0.7067510548523207 0.18354430379746836 0.459915611814346
0 0.5474683544303798 0.7204641350210971 0.18354430379746836 0.4240506329113924
0 0.3037974683544304 0.46835443037974683 0.11814345991561181 0.270042194092827
0 0.41877637130801687 0.4092827004219409 0.1540084388185654 0.19831223628691982
0 0.37236286919831224 0.25316455696202533 0.11181434599156118 0.19831223628691982
0 0.5 0.25738396624472576 0.14345991561181434 0.37130801687763715
0 0.6139240506329114 0.2721518987341772 0.10548523206751055 0.2616033755274262
0 0.6518987341772152 0.4430379746835443 0.16455696202531644 0.35864978902953587
0 0.810126582278481 0.41877637130801687 0.16877637130801687 0.39451476793248946
